4294967294,0
4294967279,284
4294967279,369
4294967279,276
4294967279,375
4294967278,336
4294967279,335
4294967278,403
4294967279,339
4294967278,411
4294967279,366
4294967278,397
4294967294,970
4294967294,82
4294967294,1414
4294967294,83
4294967294,11
4294967294,68
4294967279,337
4294967278,413
4294967279,336
4294967279,573
4294967278,215
4294967278,318
4294967279,356
4294967279,266
4294967278,0
4294967279,377
4294967279,354
4294967279,514
4294967294,1418
0,5
4294967294,1419
4294967279,295
4294967294,7
4294967294,6
4294967293,131
4294967293,130
4294967293,129
4294967293,128
4294967293,127
4294967293,126
4294967293,125
4294967293,124
4294967293,123
4294967293,122
4294967293,121
4294967293,120
4294967293,119
4294967293,118
4294967293,117
4294967293,116
4294967293,115
4294967293,114
4294967293,113
4294967293,112
4294967293,111
4294967293,110
4294967293,109
4294967293,108
4294967293,107
4294967293,106
4294967293,105
4294967293,104
4294967293,103
4294967293,102
4294967293,101
4294967293,100
4294967293,99
4294967293,98
4294967293,97
4294967293,96
4294967293,95
4294967293,94
4294967293,93
4294967293,92
4294967293,91
4294967293,90
4294967293,89
4294967293,87
4294967293,86
4294967293,85
4294967293,84
4294967293,83
4294967293,82
4294967293,81
4294967293,80
4294967293,79
4294967293,78
4294967293,77
4294967293,76
4294967293,75
4294967293,74
4294967293,73
4294967293,72
4294967293,71
4294967293,70
4294967293,69
4294967293,68
4294967293,67
4294967293,66
4294967293,65
4294967293,64
4294967293,63
4294967293,62
4294967293,61
4294967293,60
4294967293,59
4294967293,58
4294967293,57
4294967293,56
4294967293,55
4294967293,54
4294967293,53
4294967293,52
4294967293,51
4294967293,50
4294967293,49
4294967293,48
4294967293,47
4294967293,46
4294967293,45
4294967293,44
4294967293,43
4294967293,42
4294967293,41
4294967293,40
4294967293,39
4294967293,38
4294967293,37
4294967293,36
4294967293,35
4294967293,34
4294967293,33
4294967293,32
4294967293,31
4294967293,30
4294967293,29
4294967293,28
4294967293,27
4294967293,26
4294967293,25
4294967293,24
4294967293,23
4294967293,22
4294967293,21
4294967293,20
4294967293,19
4294967293,18
4294967293,17
4294967293,16
4294967293,15
4294967293,14
4294967293,13
4294967293,12
4294967293,11
4294967293,10
4294967293,9
4294967293,8
4294967293,7
4294967293,6
4294967293,5
4294967293,4
4294967293,3
4294967278,31
4294967278,30
4294967278,29
4294967278,27
4294967278,26
4294967278,23
4294967278,21
4294967278,20
4294967278,17
4294967278,16
4294967278,14
4294967278,9
4294967278,7
4294967278,6
4294967279,132
4294967279,131
4294967279,126
4294967279,122
4294967279,121
4294967279,120
4294967279,119
4294967279,117
4294967279,112
4294967279,109
4294967279,108
4294967279,103
4294967279,101
4294967279,100
4294967279,98
4294967279,95
4294967279,94
4294967279,89
4294967279,86
4294967279,260
4294967278,162
4294967278,148
4294967278,147
4294967279,556
4294967278,33
4294967279,142
4294967278,28
4294967278,370
4294967279,272
4294967278,227
4294967279,512
4294967278,12
4294967278,368
4294967278,425
4294967279,128
4294967279,289
3201,5
3201,4
3201,3
3201,2
3201,1
4294967278,345
4294967278,240
4294967294,946
4294967279,114
4294967279,111
4294967279,231
4294967279,551
3199,5
3199,4
3199,3
3199,2
3199,1
4294967278,212
4294967294,920
4294967279,99
4294967278,427
4294967279,96
3181,7
4294967279,93
3197,5
3197,4
3197,3
3197,2
3197,1
4294967278,424
4294967279,319
3196,6
3196,5
3196,4
3196,3
3196,2
3196,1
4294967279,318
4294967279,315
4294967279,314
4294967279,184
4294967279,313
4294967278,423
4294967294,161
4294967294,907
4294967278,422
4294967278,168
4294967278,166
3193,6
3193,5
3193,4
3193,3
3193,2
3193,1
4294967278,392
4294967279,312
4294967278,371
4294967278,419
4294967278,260
4294967294,1415
4294967294,399
4294967294,391
4294967294,451
4294967294,448
4294967294,175
4294967278,35
4294967278,34
4294967279,311
4294967279,291
4294967278,32
4294967278,143
3190,6
3190,5
3190,4
3190,3
3190,2
3190,1
4294967278,25
4294967278,24
4294967278,22
4294967279,290
4294967278,13
4294967278,11
4294967278,265
4294967278,418
4294967278,10
4294967278,417
4294967278,8
3187,6
3187,5
3187,4
3187,3
3187,2
3187,1
4294967278,390
4294967279,564
4294967278,387
4294967278,416
4294967279,130
4294967279,129
4294967279,127
4294967278,350
4294967278,389
4294967279,118
4294967279,107
4294967279,116
4294967279,115
4294967279,113
4294967279,110
4294967279,308
3184,6
3184,5
3184,4
3184,3
3184,2
3184,1
4294967279,106
4294967279,97
4294967279,105
4294967279,104
4294967279,215
4294967278,214
4294967279,102
4294967278,213
4294967279,92
4294967294,914
4294967279,91
4294967279,90
4294967278,414
4294967279,87
4294967279,198
4294967278,197
4294967279,197
3181,6
3181,5
3181,4
3181,3
3181,2
3181,1
4294967279,195
4294967278,334
4294967279,192
4294967279,191
4294967278,189
4294967278,188
4294967279,183
4294967278,180
3178,4
3178,3
3178,2
3178,1
4294967278,176
3177,4
3177,3
3177,2
3177,1
4294967279,173
4294967278,172
4294967279,172
4294967278,171
4294967279,171
3176,4
3176,3
3176,2
3176,1
4294967279,214
4294967278,167
4294967278,165
4294967278,324
3175,6
4294967279,364
4294967278,396
4294967278,328
4294967279,163
4294967278,161
4294967278,374
4294967278,157
3175,5
4294967279,157
3175,4
4294967278,156
3175,3
3175,2
3175,1
4294967279,155
4294967278,153
4294967279,152
4294967279,151
4294967278,150
4294967278,149
3173,6
4294967279,278
3173,5
4294967278,338
4294967278,445
4294967278,19
4294967278,15
4294967279,125
4294967279,124
4294967279,294
4294967279,293
4294967279,365
4294967278,394
4294967279,216
4294967279,141
4294967278,140
4294967278,138
3173,4
4294967278,139
3173,3
3173,2
3173,1
4294967278,277
4294967279,135
4294967278,135
4294967279,134
4294967278,134
4294967278,133
4294967279,554
4294967278,276
3171,6
4294967294,444
4294967294,113
4294967279,326
4294967278,18
4294967278,290
3171,5
4294967278,273
3171,4
3171,3
3171,2
3171,1
4294967279,321
4294967278,269
4294967278,310
4294967278,281
3170,5
4294967279,275
4294967278,307
3170,4
4294967278,264
3170,3
3170,2
3170,1
4294967278,330
4294967294,1416
4294967278,285
4294967278,4
4294967278,5
4294967278,298
4294967278,256
3169,6
4294967279,563
